DEAD: 1250000
LEN: 3
tensor([[[ 0.0000e+00,  0.0000e+00,  0.0000e+00,  0.0000e+00],
         [ 0.0000e+00,  9.0000e-01,  0.0000e+00,  0.0000e+00],
         [-9.0000e+00,  1.8975e+01, -9.0000e+00,  1.5469e+01],
         [-2.5192e+01, -2.5184e+01, -1.0000e+01,  8.7920e+00],
         [-9.0000e+00, -9.0000e+00, -9.0000e+00,  1.9068e+01],
         [-9.0000e-01, -9.0000e-01,  0.0000e+00,  0.0000e+00],
         [-9.0000e-01, -1.7100e-01, -9.0000e+00,  0.0000e+00],
         [-9.0000e-01, -8.1000e-01,  0.0000e+00,  0.0000e+00],
         [-1.7100e-01, -9.0000e-01, -9.0000e+00,  0.0000e+00],
         [-9.0000e-01, -8.1000e-01, -9.0000e+00,  1.5169e+00],
         [-9.0000e+00,  0.0000e+00, -9.0000e+00,  0.0000e+00],
         [ 0.0000e+00,  0.0000e+00, -9.0000e+00,  0.0000e+00],
         [ 0.0000e+00,  9.0000e-01,  0.0000e+00,  0.0000e+00],
         [-9.0000e+00,  0.0000e+00, -9.0000e+00,  0.0000e+00],
         [-9.0000e-01,  0.0000e+00, -9.0000e+00,  0.0000e+00],
         [-9.0000e-01, -9.0000e-01,  0.0000e+00,  0.0000e+00],
         [-9.0000e-01, -9.0000e+00, -9.0000e+00,  0.0000e+00],
         [ 9.0000e-01,  0.0000e+00, -9.0000e+00,  0.0000e+00],
         [ 0.0000e+00,  0.0000e+00, -9.0000e+00,  0.0000e+00],
         [ 0.0000e+00,  0.0000e+00,  0.0000e+00,  0.0000e+00]],

        [[-9.0000e+00,  1.1473e+01,  0.0000e+00,  9.0000e-01],
         [-9.0000e-01, -9.0000e+00, -9.0000e-01,  1.0940e+01],
         [-9.0000e-01,  1.2742e+01,  1.6077e+01, -2.5781e+01],
         [-2.4410e+01, -2.5093e+01,  6.9128e+00,  1.3110e+01],
         [-7.0304e+00,  2.0076e+01, -9.0000e-01, -2.6546e+01],
         [ 1.9683e+01, -2.5518e+01, -9.0000e-01,  2.1195e+01],
         [-9.0000e-01,  1.3364e+01, -9.0000e-01,  1.9811e+01],
         [ 1.7886e+01, -8.7869e-01, -9.0000e-01,  1.1531e+01],
         [-9.0000e+00, -8.8434e-01,  0.0000e+00, -2.4964e+01],
         [-9.8100e-02,  2.4267e+00, -9.0950e-01, -2.5640e+01],
         [-9.0000e-01,  3.1403e+00,  0.0000e+00,  0.0000e+00],
         [-9.0000e+00, -8.1000e-01, -9.0000e-01,  1.0844e+01],
         [-9.0000e-01, -9.0000e+00, -9.0000e-01,  9.6558e+00],
         [-9.0000e-01, -9.0000e-01,  0.0000e+00,  0.0000e+00],
         [-9.0000e-01,  1.7543e+01, -9.0000e-01,  0.0000e+00],
         [ 9.5090e+00,  2.0603e+01, -9.0000e-01, -2.2208e+01],
         [ 2.4003e+01,  1.3873e+01, -9.0000e-01, -9.2439e-01],
         [-8.8371e+00,  4.9706e+00, -9.9000e-01,  1.7054e+01],
         [-9.0000e+00, -9.0000e-01, -9.0000e-01,  4.4118e+00],
         [ 0.0000e+00, -9.0000e+00,  0.0000e+00,  0.0000e+00]],

        [[-9.0000e+00, -2.5585e+01,  9.5325e+00,  0.0000e+00],
         [-9.0000e+00,  9.8879e+00, -9.0000e-01,  1.7389e+01],
         [ 1.4650e+01, -9.0000e+00,  1.1915e+01, -2.5313e+01],
         [-2.6041e+01, -2.4556e+01,  1.0799e+01,  1.0366e+01],
         [ 1.0699e+01,  2.6044e+01, -9.0000e-01, -2.5338e+01],
         [ 2.4419e+01, -2.6256e+01,  2.0981e+01,  0.0000e+00],
         [ 2.2639e+01, -2.5080e+01,  2.1296e+00, -2.5286e+01],
         [-2.6277e+01, -2.5782e+01,  1.5562e+01,  8.7747e+00],
         [ 2.1516e+01,  4.1648e+00, -9.0000e+00, -2.5927e+01],
         [-9.0000e-01, -8.1000e-02, -9.0000e-01,  1.3995e+01],
         [-9.0000e-01, -8.1000e-02, -9.0000e-01,  0.0000e+00],
         [-9.0000e-01, -8.1000e-01, -9.0000e+00,  8.1903e+00],
         [-9.0000e+00, -9.0000e+00, -9.0000e-01,  1.0973e+01],
         [ 1.0447e+01,  0.0000e+00, -9.0000e-01,  0.0000e+00],
         [-2.6514e+01, -2.2408e+01,  1.4790e+01,  9.3328e+00],
         [ 3.4224e+01, -2.5694e+01,  5.2133e+01, -2.4200e+01],
         [-9.0000e+00,  1.5401e+01, -9.0000e-01,  1.6429e+01],
         [ 1.5494e+01, -9.0000e-01, -2.6468e+01,  1.7996e+01],
         [ 3.7909e+00,  0.0000e+00, -9.0000e-01,  0.0000e+00],
         [ 0.0000e+00,  0.0000e+00,  0.0000e+00,  0.0000e+00]],

        [[-8.1509e+00, -2.6437e+01,  9.1671e+00,  0.0000e+00],
         [ 0.0000e+00,  2.0433e+01,  0.0000e+00,  0.0000e+00],
         [-9.0000e+00,  2.1592e+01,  0.0000e+00, -8.1000e-01],
         [-9.0000e-01, -2.5525e+01,  8.7212e+00,  1.7272e+01],
         [ 1.4862e+01, -2.4643e+01, -2.6344e+01,  3.4182e+01],
         [ 1.7840e+01, -2.4833e+01, -9.0000e-01,  1.3102e+01],
         [-2.6248e+01,  1.1951e+01, -2.6735e+01,  2.9161e+01],
         [-9.0000e-01,  9.0812e+00,  1.1687e+01, -2.6387e+01],
         [ 1.1599e+01,  7.4579e+00,  0.0000e+00, -2.5652e+01],
         [ 9.0220e+00,  0.0000e+00,  0.0000e+00,  1.1748e+01],
         [-2.6337e+01,  1.9368e+01, -2.5496e-01,  1.0092e+01],
         [ 2.1908e+01, -2.5102e+01, -9.0000e-01,  7.5221e+00],
         [-2.5731e+01,  9.7545e+00,  0.0000e+00,  1.0364e+01],
         [-9.0000e-01,  1.0507e+01,  8.0647e+00, -2.5748e+01],
         [-2.5479e+01,  9.7788e+00,  1.2348e+01, -2.5420e+01],
         [-2.4000e+01,  9.5632e+00, -9.6894e-01,  1.1907e+01],
         [ 1.1890e+01, -9.0000e-01, -2.5681e+01,  1.1359e+01],
         [-2.4927e+01,  1.3466e+01,  1.8895e+01, -2.4246e+01],
         [-9.0000e+00, -9.0000e-01, -9.0000e-01,  1.5995e+01],
         [ 0.0000e+00, -9.0000e+00,  0.0000e+00,  0.0000e+00]],

        [[-9.0000e+00, -2.5807e+01,  8.8840e+00,  0.0000e+00],
         [ 0.0000e+00,  1.6374e+01,  0.0000e+00, -2.4991e+01],
         [ 1.2172e+01,  1.7083e+01, -9.0000e+00, -2.5272e+01],
         [-2.6528e+01, -2.5778e+01,  1.1170e+01,  1.8016e+01],
         [-9.0000e+00, -2.5786e+01,  1.6786e+01,  3.4188e+01],
         [-2.6222e+01, -2.5864e+01,  1.1098e+01,  2.4550e+01],
         [ 2.7804e+01, -2.5910e+01, -2.6375e+01,  2.9344e+01],
         [-2.6364e+01, -2.5569e+01,  1.2407e+01,  2.6390e+01],
         [ 4.6893e+01,  8.9891e+00, -2.5576e+01, -2.5474e+01],
         [-9.1710e-01,  8.9735e+00, -2.5568e+01,  1.7984e+01],
         [-2.5003e+01,  7.6757e+00, -2.5191e+01,  1.1059e+01],
         [ 1.7727e+01,  7.2900e+00, -2.5029e+01, -2.5320e+01],
         [ 2.3849e+01, -2.5822e+01,  7.9884e+00, -2.5145e+01],
         [-2.6061e+01, -2.5091e+01,  9.0731e+00,  3.8540e+00],
         [-2.5927e+01,  9.7847e+00,  1.2522e+01, -2.6344e+01],
         [-2.4737e+01, -2.4715e+01,  1.2068e+01,  1.0196e+01],
         [-2.5776e+01,  1.3710e+01,  9.3126e+00, -2.4503e+01],
         [ 1.6345e+01, -8.0971e-01, -2.5196e+01,  1.2629e+01],
         [-2.5724e+01, -8.1056e-01, -9.0000e+00,  1.8101e+01],
         [-9.0000e+00,  0.0000e+00,  0.0000e+00, -3.6814e-02]],

        [[-9.7582e+00,  1.3340e+01, -2.6107e+01,  0.0000e+00],
         [-2.6099e+01,  9.3846e+00,  1.3734e+01, -2.6404e+01],
         [-2.6115e+01,  1.9880e+01, -2.6361e+01,  2.2118e+01],
         [ 2.3007e+01,  2.7502e+01, -2.6257e+01, -2.6218e+01],
         [ 2.3792e+01,  2.2571e+01, -2.5703e+01, -2.5159e+01],
         [ 2.3068e+01,  2.2824e+01, -2.5159e+01, -2.4831e+01],
         [ 2.2525e+01, -2.5931e+01, -2.5443e+01,  2.0829e+01],
         [-8.1000e-02, -2.5899e+01,  9.0869e+00,  2.2168e+01],
         [-2.5699e+01,  7.5408e+00, -2.6035e+01,  3.4527e+01],
         [-2.6443e+01, -2.6135e+01,  5.9900e+00,  1.0232e+01],
         [-8.3519e-01,  7.6054e+00, -9.0000e-01,  9.3449e+00],
         [ 1.3218e+01, -2.6099e+01, -2.6220e+01,  9.3578e+00],
         [-9.0000e-01, -9.0000e-01,  9.9934e+00,  6.6703e+00],
         [-2.4116e+01,  5.0359e+00, -2.5694e+01,  4.6116e+00],
         [ 6.5358e+00,  6.3893e+00, -2.4301e+01, -2.5467e+01],
         [-2.5173e+01, -1.7100e-01,  6.1687e+00,  7.8808e+00],
         [-2.5636e+01,  1.3790e+01,  1.3222e+01, -2.5940e+01],
         [-2.5366e+01,  1.4981e+01, -2.3930e+01,  1.3583e+01],
         [ 1.5973e+01, -2.7985e-01, -9.0000e-01,  1.7397e+01],
         [-2.5300e+01, -7.3789e+00, -9.0000e+00,  2.4157e+00]],

        [[-9.0000e+00,  1.5583e+00,  1.0909e+01, -2.5888e+01],
         [ 8.5280e+00,  8.5370e+00, -2.4382e+01, -2.6180e+01],
         [-2.6332e+01, -2.6607e+01,  2.0903e+01,  2.1573e+01],
         [ 2.7984e+01, -2.5927e+01, -2.5833e+01,  1.5325e+01],
         [-2.6112e+01,  3.1340e+01,  1.5016e+01, -2.6257e+01],
         [-2.4634e+01,  3.1979e+01, -2.4289e+01,  2.2844e+01],
         [-2.5965e+01,  2.1826e+01,  2.3023e+01, -2.2079e+01],
         [-2.4621e+01,  2.5125e+01, -2.4517e+01,  2.1695e+01],
         [ 2.9026e+01,  8.3535e+00, -2.6424e+01, -2.5251e+01],
         [-2.6040e+01,  9.4187e+00, -2.5312e+01,  9.5555e+00],
         [ 1.0435e+01, -7.1206e-01, -9.0000e+00,  9.3272e+00],
         [ 1.3825e+01, -9.0000e+00,  7.6084e+00, -2.4309e+01],
         [-2.5766e+01,  5.0784e+00,  8.9241e+00, -2.5894e+01],
         [ 7.0066e+00, -2.5225e+01,  3.8584e+00, -2.6613e+01],
         [ 5.7878e+00, -2.5584e+01, -2.6248e+01,  3.3650e+01],
         [-2.4418e+01,  8.5636e+00, -2.6471e+01,  7.4730e+00],
         [ 9.3633e+00,  1.1038e+01, -2.5992e+01, -1.0889e+00],
         [-9.0000e-01, -9.0000e-01,  1.5555e+01,  2.3540e+00],
         [-9.0000e+00, -9.0000e+00,  2.0418e+01,  2.7115e+00],
         [-2.5304e+01, -7.8841e+00, -9.0000e-01,  3.2689e+00]],

        [[-9.0000e+00, -9.0000e+00, -9.0000e+00,  1.1316e+01],
         [-9.0000e-01, -9.0000e+00,  2.9360e+00,  1.5070e+01],
         [-2.5704e+01, -2.5715e+01,  1.6178e+01,  2.3290e+01],
         [-2.5602e+01,  2.7987e+01,  2.2276e+01, -8.1000e-01],
         [ 1.5548e+01, -2.6543e+01,  3.8554e+01, -2.5818e+01],
         [-2.5883e+01,  3.3257e+01,  2.7777e+01, -2.5876e+01],
         [-2.6358e+01,  1.2907e+01,  3.0522e+01, -2.6436e+01],
         [-2.5772e+01,  2.4440e+01,  2.3480e+01, -2.6115e+01],
         [ 2.1723e+01, -2.5617e+01, -2.6264e+01,  2.3564e+01],
         [-2.5284e+01,  9.2800e+00, -9.0000e-01,  1.0890e+01],
         [ 3.0963e+00, -2.4509e+01, -2.5322e+01,  1.0383e+01],
         [-2.5739e+01,  8.4290e+00, -2.6070e+01,  1.3265e+01],
         [-2.5011e+01,  7.3254e+00, -2.5485e+01,  9.1742e+00],
         [ 9.0375e+00, -2.4428e+01,  9.2019e+00, -2.6314e+01],
         [-2.6356e+01, -2.5954e+01,  3.1700e+01,  2.9238e+01],
         [-2.5787e+01, -2.5920e+01,  7.3851e+00,  8.5778e+00],
         [-9.0000e-01,  3.3537e+00, -8.1000e-01,  9.7749e+00],
         [ 4.0996e-01, -2.5666e+01, -9.0081e-01,  2.6255e+00],
         [ 1.5410e+00, -2.5879e+01, -2.5607e+01,  3.4667e+00],
         [ 4.4234e+00, -9.0000e+00, -2.6588e+01,  2.3480e+00]],

        [[-9.0000e+00, -2.6122e+01,  9.0000e-01,  1.1466e+01],
         [-9.0000e-01, -2.5903e+01,  1.2827e+01,  1.7808e+01],
         [-9.0000e-01,  2.2815e+01,  1.4540e+01,  0.0000e+00],
         [ 1.2913e+01,  2.3431e+01, -2.5590e+01, -9.0000e-01],
         [ 1.3385e+01,  2.3518e+01, -2.6137e+01, -2.5473e+01],
         [-2.5752e+01,  2.4680e+01, -2.6130e+01,  2.3409e+01],
         [ 2.6290e+01,  2.3164e+01, -2.6520e+01, -2.6377e+01],
         [-1.7100e-01,  2.5475e+01,  2.3458e+01, -9.5813e-01],
         [-2.6401e+01,  1.1115e+01,  2.4725e+01, -2.6132e+01],
         [-2.5859e+01,  1.0375e+01, -9.0000e+00,  7.2751e+00],
         [ 8.7575e+00, -2.6067e+01, -2.5234e+01,  1.1709e+01],
         [ 1.4820e+01, -2.5503e+01,  1.1249e+01, -2.6348e+01],
         [-2.6372e+01,  8.8667e+00,  9.0400e+00, -2.6587e+01],
         [ 7.3346e+00, -2.6002e+01, -2.3341e+01,  1.4714e+01],
         [-2.5583e+01, -2.6408e+01,  3.2722e+01,  2.5765e+01],
         [-2.6145e+01,  1.1246e+01,  6.9047e+00, -2.5529e+01],
         [-2.6884e+01,  2.6415e+00, -6.0257e-01,  1.6039e+01],
         [-9.0000e+00,  2.1396e+00, -2.6408e+01,  1.9238e+00],
         [-9.0000e+00,  3.1094e+00, -2.6298e+01,  3.4159e+00],
         [ 4.0414e+00, -1.0000e+01, -2.6523e+01, -2.6523e+01]],

        [[ 0.0000e+00,  1.2404e+01,  0.0000e+00,  0.0000e+00],
         [ 0.0000e+00,  2.0896e+01,  0.0000e+00,  0.0000e+00],
         [ 2.2106e+01,  1.4498e+01, -2.5984e+01, -2.5868e+01],
         [-8.1000e-01,  3.2623e+01, -2.6265e+01,  3.1511e+01],
         [ 2.7851e+01, -9.0000e+00,  3.8356e+01, -9.0000e-01],
         [-1.0157e-01, -2.5691e+01,  2.2939e+01,  2.0507e+01],
         [-6.2534e-01,  3.5068e+01, -2.6086e+01,  2.1831e+01],
         [-2.3466e+01,  6.8873e+00,  2.9891e+01, -2.3139e+01],
         [-2.6171e+01,  8.1588e+00, -2.6013e+01,  6.7795e+00],
         [-2.6583e+01, -2.5117e+01,  9.1916e+00,  7.8943e+00],
         [-2.4547e+01,  1.3319e+01,  1.3919e+01, -2.6236e+01],
         [ 1.5782e+01, -2.5036e+01,  0.0000e+00,  1.4283e+01],
         [ 6.7999e+00,  1.4881e+01, -8.1000e-02, -2.6070e+01],
         [-2.6552e+01, -2.5901e+01,  1.3793e+01,  1.2384e+01],
         [-2.6421e+01, -2.5948e+01,  2.9114e+01,  1.1354e+01],
         [ 2.0429e+01, -1.6086e+00,  1.5563e+01, -2.4787e+01],
         [-2.5071e+01,  1.9240e+00, -2.6292e+01,  9.8410e+00],
         [-2.5983e+01,  3.2487e+00,  2.4201e+00, -2.5798e+01],
         [-3.5567e+00,  4.7207e+00,  3.4378e+00, -2.6523e+01],
         [ 6.3563e+00, -1.0000e+01, -2.6452e+01, -2.6533e+01]],

        [[ 0.0000e+00,  0.0000e+00,  1.7190e+00,  0.0000e+00],
         [-1.7100e-01,  1.6326e+01,  1.1073e+01,  0.0000e+00],
         [ 1.3694e+01, -9.0000e+00,  8.1410e+00, -9.0000e-01],
         [-2.5868e+01,  2.7451e+01, -9.0000e-01,  1.5087e+01],
         [ 6.7025e+00,  2.2909e+01, -9.0000e+00, -2.6067e+01],
         [-2.4471e-01, -9.0000e-01,  2.3126e+01,  5.8738e+00],
         [-9.0810e-01, -9.0000e+00,  1.9298e+01,  7.1946e+00],
         [-2.4297e+01,  9.5189e+00,  4.2555e+01, -2.5273e+01],
         [-2.6207e+01,  7.7768e+00, -2.6173e+01,  8.3847e+00],
         [ 6.8998e+00, -2.5526e+01, -2.5734e+01,  6.6031e+00],
         [-2.5657e+01,  1.6323e+01, -2.6202e+01,  9.4005e+00],
         [ 1.5690e+01, -2.6617e+01,  1.6779e+01, -2.6279e+01],
         [ 1.9365e+01,  9.3233e+00, -2.6065e+01, -2.4778e+01],
         [-2.5855e+01, -2.5896e+01,  1.1849e+01,  9.9093e+00],
         [ 1.1531e+01, -2.4794e+01,  1.3504e+01, -2.5799e+01],
         [-9.0000e+00,  1.0486e+01, -2.4092e+01,  1.1845e+01],
         [-2.4593e+01,  3.2156e+00, -2.6839e+01,  1.0098e+01],
         [ 2.0217e+00, -2.6091e+01, -2.6541e+01,  3.7754e+00],
         [-2.6602e+01, -2.6745e+01,  5.0672e+00,  8.8938e+00],
         [ 7.4124e+00, -8.9332e+00, -2.6546e+01,  4.0740e+00]],

        [[ 0.0000e+00,  0.0000e+00,  9.0000e-01,  0.0000e+00],
         [-9.0000e-01, -9.0000e+00,  1.7190e+00,  0.0000e+00],
         [-9.0000e-01,  1.3176e+01,  0.0000e+00,  0.0000e+00],
         [-9.0000e-01,  7.7321e+00,  2.7525e+01, -9.0000e-01],
         [-9.0000e-01,  7.4288e+00, -9.0000e-01,  1.1247e+01],
         [ 7.3855e+00, -2.4458e+01, -2.5786e+01,  5.9745e+00],
         [ 3.6970e+01,  8.1540e+00, -9.0000e-01, -2.6220e+01],
         [-2.4795e+01,  7.5892e+00, -2.3034e+01,  9.0236e+00],
         [ 1.0429e+01, -2.6195e+01,  1.0185e+01, -2.5743e+01],
         [-2.5915e+01, -2.6150e+01,  1.0445e+01,  5.9160e+00],
         [ 1.0261e+01, -2.5494e+01,  7.0310e+00, -2.5221e+01],
         [ 7.8013e+00, -2.6522e+01,  5.5244e+00, -2.6434e+01],
         [ 5.3721e+00, -2.5312e+01,  1.8658e+01, -2.6045e+01],
         [ 1.0007e+01,  1.1898e+01, -2.6164e+01, -2.6529e+01],
         [ 1.4332e+01,  1.3219e+01, -2.6233e+01, -2.5472e+01],
         [ 1.5799e+01, -2.5561e+01,  1.1461e+01, -2.6412e+01],
         [-2.5546e+01,  3.7093e+00, -2.5815e+01,  1.2517e+01],
         [ 2.9262e+00, -2.6434e+01, -2.6668e+01,  5.7555e+00],
         [-2.6652e+01, -2.6765e+01,  8.8226e+00,  7.3544e+00],
         [-2.6471e+01, -1.0000e+01,  5.9046e+00, -2.6881e+01]],

        [[ 0.0000e+00,  0.0000e+00,  0.0000e+00,  0.0000e+00],
         [ 0.0000e+00,  0.0000e+00,  1.7280e+00,  0.0000e+00],
         [ 0.0000e+00,  0.0000e+00,  0.0000e+00,  9.0000e-01],
         [-9.0000e-01,  1.1084e+01,  1.7737e+01, -9.0000e-01],
         [-8.1000e-01, -2.6182e+01,  5.7386e+00,  1.2931e+01],
         [-8.4128e-01,  1.3694e+01,  5.5948e+00, -3.5525e+00],
         [-1.7518e+00,  5.4308e+00, -2.6159e+01,  8.8769e+00],
         [ 9.2901e+00, -2.6309e+01,  1.0937e+01, -2.4382e+01],
         [ 9.2654e+00, -2.6020e+01,  1.1738e+01, -2.4535e+01],
         [-2.6373e+01, -2.5739e+01,  5.5495e+00,  7.9151e+00],
         [-2.2755e-01,  1.2448e+01,  8.3771e+00, -9.0000e-01],
         [-2.5862e+01,  1.1985e+01, -2.5713e+01,  9.2632e+00],
         [-2.5472e+01,  1.0682e+01, -2.6123e+01,  9.2166e+00],
         [-2.6315e+01, -2.6039e+01,  1.2825e+01,  1.1474e+01],
         [ 1.3036e+01, -2.6666e+01,  1.5302e+01, -2.6340e+01],
         [ 1.2856e+01,  1.3841e+01, -2.6192e+01, -2.6035e+01],
         [-2.6451e+01,  5.2799e+00, -2.6722e+01,  1.6174e+01],
         [-2.6227e+01,  5.3574e+00, -2.6505e+01,  4.7994e+00],
         [ 6.4662e+00, -9.0990e+00,  7.5577e+00, -2.6381e+01],
         [ 6.7723e+00, -2.8000e+01, -2.6490e+01,  5.8399e+00]],

        [[ 0.0000e+00,  0.0000e+00,  0.0000e+00,  0.0000e+00],
         [ 0.0000e+00,  0.0000e+00,  1.8738e+00,  0.0000e+00],
         [ 0.0000e+00,  0.0000e+00,  0.0000e+00,  1.7190e+00],
         [-1.7100e-01,  9.3224e+00,  7.6270e+00, -9.0000e-01],
         [-9.0000e-01,  1.0342e+01,  7.5723e+00,  0.0000e+00],
         [-2.6465e+01,  9.4459e+00, -2.5029e+01,  9.9531e+00],
         [-2.6578e+01, -2.6708e+01,  8.5057e+00,  9.2749e+00],
         [-2.5719e+01,  7.8447e+00, -2.5607e+01,  1.0443e+01],
         [ 8.2177e+00,  1.5835e+01, -2.6560e+01, -2.5024e+01],
         [-2.5490e+01, -2.5916e+01,  6.7528e+00,  1.0741e+01],
         [ 1.0353e+01,  8.6294e+00, -9.0000e-01, -2.6524e+01],
         [ 8.4474e+00, -2.6285e+01, -2.5879e+01,  1.0434e+01],
         [ 9.0567e+00,  1.1793e+01, -2.6290e+01, -2.6254e+01],
         [-2.6021e+01,  1.2477e+01, -2.5955e+01,  1.1690e+01],
         [ 1.2807e+01, -2.5682e+01, -2.4637e+01,  1.5445e+01],
         [-2.6268e+01,  1.3479e+01,  1.0133e+01, -2.6173e+01],
         [-9.0000e+00,  1.1292e+01, -2.6407e+01,  1.9489e+01],
         [-2.6213e+01, -2.6393e+01,  6.0665e+00, -8.3565e+00],
         [-9.0000e+00, -2.6717e+01,  7.8656e+00,  7.5758e+00],
         [-9.0000e+00, -9.0000e+00,  7.0040e+00,  4.0347e+00]],

        [[ 0.0000e+00,  0.0000e+00,  0.0000e+00,  0.0000e+00],
         [ 0.0000e+00,  0.0000e+00,  2.4643e+00,  0.0000e+00],
         [-9.0000e-01,  3.7440e+01,  0.0000e+00,  0.0000e+00],
         [-9.0000e-01,  1.0577e+01,  7.4985e+00,  0.0000e+00],
         [ 6.4286e+00,  0.0000e+00,  1.1287e+01,  0.0000e+00],
         [-2.6692e+01, -9.0000e+00,  1.2131e+01,  1.1729e+01],
         [-9.0000e-01, -2.6015e+01,  1.1007e+01,  1.0275e+01],
         [-2.6503e+01,  1.2727e+01,  9.6475e+00, -2.5931e+01],
         [ 9.7073e+00, -2.5818e+01, -2.6381e+01,  1.3596e+01],
         [-2.6519e+01,  1.0085e+01, -2.6366e+01,  1.2371e+01],
         [-2.6217e+01,  8.2181e+00, -2.6732e+01,  1.0779e+01],
         [ 1.0916e+01,  1.3009e+01, -2.4144e+01, -2.6578e+01],
         [ 1.2811e+01, -2.6304e+01, -2.5938e+01,  1.5905e+01],
         [-2.6104e+01, -2.3694e+01,  1.2199e+01,  1.5887e+01],
         [-2.5947e+01,  1.6113e+01, -2.5617e+01,  1.5815e+01],
         [-2.5587e+01,  1.5055e+01, -2.6288e+01,  2.0848e+01],
         [ 1.9471e+01, -2.6601e+01,  1.4292e+01, -2.5934e+01],
         [-2.6165e+01, -1.6119e+00,  5.1511e+00,  5.0442e+00],
         [ 9.1170e+00, -2.6164e+01, -9.0000e+00, -9.0000e-01],
         [-9.0000e+00, -9.0000e+00,  7.5073e+00,  1.2173e+01]],

        [[ 0.0000e+00,  0.0000e+00,  0.0000e+00,  0.0000e+00],
         [ 0.0000e+00,  0.0000e+00,  2.4553e+00,  0.0000e+00],
         [ 4.1949e-01,  0.0000e+00,  0.0000e+00, -9.0000e-01],
         [-9.0000e-01,  1.2281e+01,  6.4613e+00,  0.0000e+00],
         [-9.0000e+00,  1.3460e+01,  1.1382e+01, -9.0000e-01],
         [-9.0000e-01,  1.2174e+01,  1.4139e+01,  0.0000e+00],
         [-2.6002e+01,  1.1748e+01,  1.1157e+01, -2.6095e+01],
         [-2.3587e+01,  1.2473e+01, -2.6149e+01,  1.5633e+01],
         [ 1.4648e+01,  1.4520e+01, -2.6257e+01, -2.6284e+01],
         [ 1.2912e+01, -2.6247e+01, -2.6308e+01,  1.3880e+01],
         [ 1.3794e+01, -2.6446e+01, -2.6056e+01,  1.0372e+01],
         [-2.6445e+01,  1.7094e+01,  1.1583e+01, -2.6601e+01],
         [-2.4944e+01,  1.7935e+01,  1.2869e+01, -2.6191e+01],
         [-2.6393e+01,  2.0547e+01,  1.1248e+01, -2.6266e+01],
         [-2.6379e+01,  2.0786e+01, -2.6607e+01,  1.5339e+01],
         [-2.6120e+01,  2.1806e+01, -2.5889e+01,  1.2813e+01],
         [ 2.1614e+01,  2.5333e+01, -2.5512e+01, -2.6381e+01],
         [ 2.9259e+01, -2.5688e+01,  6.2548e+00, -2.4347e+01],
         [ 1.5692e+01,  1.2566e+01,  0.0000e+00,  0.0000e+00],
         [ 1.5074e+01, -9.0000e+00,  1.1955e+01, -9.0000e-01]],

        [[ 0.0000e+00,  0.0000e+00,  0.0000e+00,  0.0000e+00],
         [ 0.0000e+00,  0.0000e+00,  9.0000e-01,  0.0000e+00],
         [-9.0000e-01, -9.0000e+00,  9.0000e-01,  0.0000e+00],
         [-9.9000e-01, -9.0000e+00,  1.3348e+01,  1.2352e+01],
         [-9.0000e+00, -9.0000e+00,  1.3325e+01,  1.3742e+01],
         [-9.0000e-01, -8.1000e-02,  1.5700e+01,  1.6933e+01],
         [ 1.2742e+01, -2.6290e+01,  1.3085e+01, -9.0000e-01],
         [-2.4117e+01,  0.0000e+00,  1.6232e+01,  1.7779e+01],
         [ 1.4721e+01, -9.0000e-01,  1.4668e+01, -9.0000e-01],
         [-9.0000e+00, -9.0000e+00,  1.3074e+01,  1.7344e+01],
         [-2.6529e+01,  1.0473e+01, -2.4576e+01,  1.3232e+01],
         [ 1.0980e+01, -2.6182e+01, -2.6058e+01,  8.7132e+00],
         [-2.5467e+01,  1.5867e+01, -9.6958e-01,  1.0017e+01],
         [-2.6359e+01,  1.6406e+01, -2.6426e+01,  1.0681e+01],
         [-2.6480e+01, -2.4689e+01,  2.0653e+01,  1.8730e+01],
         [-2.5144e+01,  1.6360e+01,  0.0000e+00,  9.8568e+00],
         [ 1.1142e+01, -2.4347e+01, -2.2018e+01,  1.7648e+01],
         [ 2.2420e+01,  0.0000e+00,  3.0590e+01, -2.5898e+01],
         [ 0.0000e+00,  0.0000e+00,  0.0000e+00,  0.0000e+00],
         [ 0.0000e+00,  0.0000e+00,  0.0000e+00, -9.0000e-01]],

        [[ 0.0000e+00,  0.0000e+00,  0.0000e+00,  0.0000e+00],
         [ 0.0000e+00,  0.0000e+00,  0.0000e+00,  0.0000e+00],
         [ 0.0000e+00,  0.0000e+00,  0.0000e+00, -9.0000e-01],
         [-9.0000e-01,  1.4713e+01,  9.0000e-01, -1.7100e-01],
         [-9.0000e-01,  1.8232e+01, -9.0000e+00, -9.0000e-01],
         [-9.0000e-01,  1.9852e+01,  1.3034e+01,  0.0000e+00],
         [-9.0000e+00,  1.9385e+01,  0.0000e+00, -9.0000e-01],
         [-9.0000e+00,  1.9469e+01,  1.8019e+01, -9.0000e-01],
         [-2.5056e+01,  4.9152e+00, -9.0000e+00,  2.3756e+01],
         [ 2.1403e+01, -2.6089e+01, -2.6287e+01,  3.9767e+00],
         [-2.6748e+01,  4.8889e+00, -2.5994e+01,  1.3921e+01],
         [ 1.0248e+01,  6.0703e+00, -2.6170e+01, -9.0000e-01],
         [ 1.0987e+01,  4.7607e+00, -2.6432e+01, -2.6893e+01],
         [ 9.2787e+00, -2.4861e+01, -2.5758e+01,  4.9374e+00],
         [-2.5540e+01,  1.3251e+01,  1.8110e+01, -2.4288e+01],
         [-2.6239e+01,  3.0230e+00, -2.6286e+01,  1.5637e+01],
         [-2.6357e+01, -2.6129e+01,  1.8520e+01,  1.6881e+01],
         [ 1.0784e+01,  0.0000e+00,  7.4571e+00, -2.6363e+01],
         [ 0.0000e+00,  0.0000e+00,  0.0000e+00,  0.0000e+00],
         [ 0.0000e+00,  0.0000e+00,  0.0000e+00, -9.0000e-01]],

        [[-9.0000e+00,  0.0000e+00,  0.0000e+00,  0.0000e+00],
         [-9.0000e-01,  0.0000e+00,  0.0000e+00,  0.0000e+00],
         [-9.0000e-01, -9.0000e+00,  0.0000e+00,  0.0000e+00],
         [-9.0000e-01,  0.0000e+00,  9.0000e-01,  0.0000e+00],
         [-9.0000e-01,  9.0000e-01,  0.0000e+00,  0.0000e+00],
         [-9.0000e+00,  0.0000e+00,  0.0000e+00, -9.0000e-01],
         [-9.0000e-01, -9.0000e-01,  1.5553e+01,  0.0000e+00],
         [-9.0000e-01, -9.0000e-01, -2.6419e+01,  2.9813e+01],
         [ 2.7813e+01,  0.0000e+00, -2.6760e+01, -9.2493e-01],
         [-2.6693e+01,  5.1561e+00,  2.0115e+01, -8.7970e-01],
         [ 1.7016e+01, -2.6609e+01,  5.4702e+00, -9.0000e-01],
         [ 9.0000e-01, -9.0000e-01,  1.2112e+01,  0.0000e+00],
         [-9.0000e+00,  3.3736e+00, -2.5462e+01,  4.9061e+00],
         [ 2.6528e+00, -9.0000e+00,  8.0587e+00, -9.0000e-01],
         [ 7.4694e+00, -9.0000e+00,  1.9194e+01, -2.5371e+01],
         [ 1.5400e+01, -2.6547e+01,  7.9169e+00, -2.5641e+01],
         [-2.6392e+01, -2.6444e+01,  1.7668e+01,  1.4211e+01],
         [ 7.2841e+00, -9.0000e-01, -2.5874e+01,  5.1878e+00],
         [ 6.8754e+00,  0.0000e+00,  0.0000e+00, -9.0000e-01],
         [ 9.0000e-01,  0.0000e+00,  0.0000e+00,  0.0000e+00]],

        [[ 0.0000e+00,  0.0000e+00,  0.0000e+00,  0.0000e+00],
         [ 0.0000e+00,  0.0000e+00,  0.0000e+00,  0.0000e+00],
         [ 0.0000e+00,  0.0000e+00,  0.0000e+00,  0.0000e+00],
         [ 0.0000e+00,  0.0000e+00,  0.0000e+00,  0.0000e+00],
         [ 0.0000e+00,  0.0000e+00,  9.0000e-01,  0.0000e+00],
         [-9.0000e-01, -9.0000e+00,  0.0000e+00,  0.0000e+00],
         [-9.0000e-01, -9.0000e+00,  1.4896e+01,  0.0000e+00],
         [-2.5812e+01, -2.6852e+01,  3.4236e+01, -1.0000e+01],
         [ 9.8779e-01, -8.1000e-02,  2.7598e+00, -9.0000e+00],
         [-1.7100e-01, -8.1000e-01,  0.0000e+00, -9.0000e+00],
         [-9.0000e+00, -1.7100e-01,  5.5504e+00,  0.0000e+00],
         [ 0.0000e+00,  0.0000e+00,  1.3223e+01,  0.0000e+00],
         [-2.5749e+01,  4.7313e+00,  0.0000e+00, -8.0969e+00],
         [ 9.0000e-01, -9.0000e-01,  1.0874e+01, -9.0000e+00],
         [ 9.0502e+00,  0.0000e+00,  9.0000e-01,  0.0000e+00],
         [ 6.1017e+00,  1.6211e+01, -2.6057e+01,  0.0000e+00],
         [ 1.3610e+01, -2.6481e+01,  1.6901e+01, -2.6463e+01],
         [ 6.4001e+00, -2.6453e+01,  6.8754e+00, -9.7976e+00],
         [-9.0000e+00, -9.0000e-01,  7.1878e+00,  0.0000e+00],
         [ 0.0000e+00,  0.0000e+00,  0.0000e+00, -9.0000e+00]]])
tensor([[[ 0.0000e+00,  0.0000e+00,  0.0000e+00,  0.0000e+00],
         [ 0.0000e+00,  9.0000e-01,  0.0000e+00,  0.0000e+00],
         [-9.0000e+00,  1.8975e+01, -9.0000e+00,  1.5469e+01],
         [-2.5192e+01, -2.5184e+01, -1.0000e+01,  8.7920e+00],
         [-9.0000e+00, -9.0000e+00, -9.0000e+00,  1.9068e+01],
         [-9.0000e-01, -9.0000e-01,  0.0000e+00,  0.0000e+00],
         [-9.0000e-01, -1.7100e-01, -9.0000e+00,  0.0000e+00],
         [-9.0000e-01, -8.1000e-01,  0.0000e+00,  0.0000e+00],
         [-1.7100e-01, -9.0000e-01, -9.0000e+00,  0.0000e+00],
         [-9.0000e-01, -8.1000e-01, -9.0000e+00,  1.5169e+00],
         [-9.0000e+00,  0.0000e+00, -9.0000e+00,  0.0000e+00],
         [ 0.0000e+00,  0.0000e+00, -9.0000e+00,  0.0000e+00],
         [ 0.0000e+00,  9.0000e-01,  0.0000e+00,  0.0000e+00],
         [-9.0000e+00,  0.0000e+00, -9.0000e+00,  0.0000e+00],
         [-9.0000e-01,  0.0000e+00, -9.0000e+00,  0.0000e+00],
         [-9.0000e-01, -9.0000e-01,  0.0000e+00,  0.0000e+00],
         [-9.0000e-01, -9.0000e+00, -9.0000e+00,  0.0000e+00],
         [ 9.0000e-01,  0.0000e+00, -9.0000e+00,  0.0000e+00],
         [ 0.0000e+00,  0.0000e+00, -9.0000e+00,  0.0000e+00],
         [ 0.0000e+00,  0.0000e+00,  0.0000e+00,  0.0000e+00]],

        [[-9.0000e+00,  1.1473e+01,  0.0000e+00,  9.0000e-01],
         [-9.0000e-01, -9.0000e+00, -9.0000e-01,  1.0940e+01],
         [-9.0000e-01,  1.2742e+01,  1.6077e+01, -2.5781e+01],
         [-2.4410e+01, -2.5093e+01,  6.9128e+00,  1.3110e+01],
         [-7.0304e+00,  2.0076e+01, -9.0000e-01, -2.6546e+01],
         [ 1.9683e+01, -2.5518e+01, -9.0000e-01,  2.1195e+01],
         [-9.0000e-01,  1.3364e+01, -9.0000e-01,  1.9811e+01],
         [ 1.7886e+01, -8.7869e-01, -9.0000e-01,  1.1531e+01],
         [-9.0000e+00, -8.8434e-01,  0.0000e+00, -2.4964e+01],
         [-9.8100e-02,  2.4267e+00, -9.0950e-01, -2.5640e+01],
         [-9.0000e-01,  3.1403e+00,  0.0000e+00,  0.0000e+00],
         [-9.0000e+00, -8.1000e-01, -9.0000e-01,  1.0844e+01],
         [-9.0000e-01, -9.0000e+00, -9.0000e-01,  9.6558e+00],
         [-9.0000e-01, -9.0000e-01,  0.0000e+00,  0.0000e+00],
         [-9.0000e-01,  1.7543e+01, -9.0000e-01,  0.0000e+00],
         [ 9.5090e+00,  2.0603e+01, -9.0000e-01, -2.2208e+01],
         [ 2.4003e+01,  1.3873e+01, -9.0000e-01, -9.2439e-01],
         [-8.8371e+00,  4.9706e+00, -9.9000e-01,  1.7054e+01],
         [-9.0000e+00, -9.0000e-01, -9.0000e-01,  4.4118e+00],
         [ 0.0000e+00, -9.0000e+00,  0.0000e+00,  0.0000e+00]],

        [[-9.0000e+00, -2.5585e+01,  9.5325e+00,  0.0000e+00],
         [-9.0000e+00,  9.8879e+00, -9.0000e-01,  1.7389e+01],
         [ 1.4650e+01, -9.0000e+00,  1.1915e+01, -2.5313e+01],
         [-2.6041e+01, -2.4556e+01,  1.0799e+01,  1.0366e+01],
         [ 1.0699e+01,  2.6044e+01, -9.0000e-01, -2.5338e+01],
         [ 2.4419e+01, -2.6256e+01,  2.0981e+01,  0.0000e+00],
         [ 2.2639e+01, -2.5080e+01,  2.1296e+00, -2.5286e+01],
         [-2.6277e+01, -2.5782e+01,  1.5562e+01,  8.7747e+00],
         [ 2.1516e+01,  4.1648e+00, -9.0000e+00, -2.5927e+01],
         [-9.0000e-01, -8.1000e-02, -9.0000e-01,  1.3995e+01],
         [-9.0000e-01, -8.1000e-02, -9.0000e-01,  0.0000e+00],
         [-9.0000e-01, -8.1000e-01, -9.0000e+00,  8.1903e+00],
         [-9.0000e+00, -9.0000e+00, -9.0000e-01,  1.0973e+01],
         [ 1.0447e+01,  0.0000e+00, -9.0000e-01,  0.0000e+00],
         [-2.6514e+01, -2.2408e+01,  1.4790e+01,  9.3328e+00],
         [ 3.4224e+01, -2.5694e+01,  5.2133e+01, -2.4200e+01],
         [-9.0000e+00,  1.5401e+01, -9.0000e-01,  1.6429e+01],
         [ 1.5494e+01, -9.0000e-01, -2.6468e+01,  1.7996e+01],
         [ 3.7909e+00,  0.0000e+00, -9.0000e-01,  0.0000e+00],
         [ 0.0000e+00,  0.0000e+00,  0.0000e+00,  0.0000e+00]],

        [[-8.1509e+00, -2.6437e+01,  9.1671e+00,  0.0000e+00],
         [ 0.0000e+00,  2.0433e+01,  0.0000e+00,  0.0000e+00],
         [-9.0000e+00,  2.1592e+01,  0.0000e+00, -8.1000e-01],
         [-9.0000e-01, -2.5525e+01,  8.7212e+00,  1.7272e+01],
         [ 1.4862e+01, -2.4643e+01, -2.6344e+01,  3.4182e+01],
         [ 1.7840e+01, -2.4833e+01, -9.0000e-01,  1.3102e+01],
         [-2.6248e+01,  1.1951e+01, -2.6735e+01,  2.9161e+01],
         [-9.0000e-01,  9.0812e+00,  1.1687e+01, -2.6387e+01],
         [ 1.1599e+01,  7.4579e+00,  0.0000e+00, -2.5652e+01],
         [ 9.0220e+00,  0.0000e+00,  0.0000e+00,  1.1748e+01],
         [-2.6337e+01,  1.9368e+01, -2.5496e-01,  1.0092e+01],
         [ 2.1908e+01, -2.5102e+01, -9.0000e-01,  7.5221e+00],
         [-2.5731e+01,  9.7545e+00,  0.0000e+00,  1.0364e+01],
         [-9.0000e-01,  1.0507e+01,  8.0647e+00, -2.5748e+01],
         [-2.5479e+01,  9.7788e+00,  1.2348e+01, -2.5420e+01],
         [-2.4000e+01,  9.5632e+00, -9.6894e-01,  1.1907e+01],
         [ 1.1890e+01, -9.0000e-01, -2.5681e+01,  1.1359e+01],
         [-2.4927e+01,  1.3466e+01,  1.8895e+01, -2.4246e+01],
         [-9.0000e+00, -9.0000e-01, -9.0000e-01,  1.5995e+01],
         [ 0.0000e+00, -9.0000e+00,  0.0000e+00,  0.0000e+00]],

        [[-9.0000e+00, -2.5807e+01,  8.8840e+00,  0.0000e+00],
         [ 0.0000e+00,  1.6374e+01,  0.0000e+00, -2.4991e+01],
         [ 1.2172e+01,  1.7083e+01, -9.0000e+00, -2.5272e+01],
         [-2.6528e+01, -2.5778e+01,  1.1170e+01,  1.8016e+01],
         [-9.0000e+00, -2.5786e+01,  1.6786e+01,  3.4188e+01],
         [-2.6222e+01, -2.5864e+01,  1.1098e+01,  2.4550e+01],
         [ 2.7804e+01, -2.5910e+01, -2.6375e+01,  2.9344e+01],
         [-2.6364e+01, -2.5569e+01,  1.2407e+01,  2.6390e+01],
         [ 4.6893e+01,  8.9891e+00, -2.5576e+01, -2.5474e+01],
         [-9.1710e-01,  8.9735e+00, -2.5568e+01,  1.7984e+01],
         [-2.5003e+01,  7.6757e+00, -2.5191e+01,  1.1059e+01],
         [ 1.7727e+01,  7.2900e+00, -2.5029e+01, -2.5320e+01],
         [ 2.3849e+01, -2.5822e+01,  7.9884e+00, -2.5145e+01],
         [-2.6061e+01, -2.5091e+01,  9.0731e+00,  3.8540e+00],
         [-2.5927e+01,  9.7847e+00,  1.2522e+01, -2.6344e+01],
         [-2.4737e+01, -2.4715e+01,  1.2068e+01,  1.0196e+01],
         [-2.5776e+01,  1.3710e+01,  9.3126e+00, -2.4503e+01],
         [ 1.6345e+01, -8.0971e-01, -2.5196e+01,  1.2629e+01],
         [-2.5724e+01, -8.1056e-01, -9.0000e+00,  1.8101e+01],
         [-9.0000e+00,  0.0000e+00,  0.0000e+00, -3.6814e-02]],

        [[-9.7582e+00,  1.3340e+01, -2.6107e+01,  0.0000e+00],
         [-2.6099e+01,  9.3846e+00,  1.3734e+01, -2.6404e+01],
         [-2.6115e+01,  1.9880e+01, -2.6361e+01,  2.2118e+01],
         [ 2.3007e+01,  2.7502e+01, -2.6257e+01, -2.6218e+01],
         [ 2.3792e+01,  2.2571e+01, -2.5703e+01, -2.5159e+01],
         [ 2.3068e+01,  2.2824e+01, -2.5159e+01, -2.4831e+01],
         [ 2.2525e+01, -2.5931e+01, -2.5443e+01,  2.0829e+01],
         [-8.1000e-02, -2.5899e+01,  9.0869e+00,  2.2168e+01],
         [-2.5699e+01,  7.5408e+00, -2.6035e+01,  3.4527e+01],
         [-2.6443e+01, -2.6135e+01,  5.9900e+00,  1.0232e+01],
         [-8.3519e-01,  7.6054e+00, -9.0000e-01,  9.3449e+00],
         [ 1.3218e+01, -2.6099e+01, -2.6220e+01,  9.3578e+00],
         [-9.0000e-01, -9.0000e-01,  9.9934e+00,  6.6703e+00],
         [-2.4116e+01,  5.0359e+00, -2.5694e+01,  4.6116e+00],
         [ 6.5358e+00,  6.3893e+00, -2.4301e+01, -2.5467e+01],
         [-2.5173e+01, -1.7100e-01,  6.1687e+00,  7.8808e+00],
         [-2.5636e+01,  1.3790e+01,  1.3222e+01, -2.5940e+01],
         [-2.5366e+01,  1.4981e+01, -2.3930e+01,  1.3583e+01],
         [ 1.5973e+01, -2.7985e-01, -9.0000e-01,  1.7397e+01],
         [-2.5300e+01, -7.3789e+00, -9.0000e+00,  2.4157e+00]],

        [[-9.0000e+00,  1.5583e+00,  1.0909e+01, -2.5888e+01],
         [ 8.5280e+00,  8.5370e+00, -2.4382e+01, -2.6180e+01],
         [-2.6332e+01, -2.6607e+01,  2.0903e+01,  2.1573e+01],
         [ 2.7984e+01, -2.5927e+01, -2.5833e+01,  1.5325e+01],
         [-2.6112e+01,  3.1340e+01,  1.5016e+01, -2.6257e+01],
         [-2.4634e+01,  3.1979e+01, -2.4289e+01,  2.2844e+01],
         [-2.5965e+01,  2.1826e+01,  2.3023e+01, -2.2079e+01],
         [-2.4621e+01,  2.5125e+01, -2.4517e+01,  2.1695e+01],
         [ 2.9026e+01,  8.3535e+00, -2.6424e+01, -2.5251e+01],
         [-2.6040e+01,  9.4187e+00, -2.5312e+01,  9.5555e+00],
         [ 1.0435e+01, -7.1206e-01, -9.0000e+00,  9.3272e+00],
         [ 1.3825e+01, -9.0000e+00,  7.6084e+00, -2.4309e+01],
         [-2.5766e+01,  5.0784e+00,  8.9241e+00, -2.5894e+01],
         [ 7.0066e+00, -2.5225e+01,  3.8584e+00, -2.6613e+01],
         [ 5.7878e+00, -2.5584e+01, -2.6248e+01,  3.3650e+01],
         [-2.4418e+01,  8.5636e+00, -2.6471e+01,  7.4730e+00],
         [ 9.3633e+00,  1.1038e+01, -2.5992e+01, -1.0889e+00],
         [-9.0000e-01, -9.0000e-01,  1.5555e+01,  2.3540e+00],
         [-9.0000e+00, -9.0000e+00,  2.0418e+01,  2.7115e+00],
         [-2.5304e+01, -7.8841e+00, -9.0000e-01,  3.2689e+00]],

        [[-9.0000e+00, -9.0000e+00, -9.0000e+00,  1.1316e+01],
         [-9.0000e-01, -9.0000e+00,  2.9360e+00,  1.5070e+01],
         [-2.5704e+01, -2.5715e+01,  1.6178e+01,  2.3290e+01],
         [-2.5602e+01,  2.7987e+01,  2.2276e+01, -8.1000e-01],
         [ 1.5548e+01, -2.6543e+01,  3.8554e+01, -2.5818e+01],
         [-2.5883e+01,  3.3257e+01,  2.7777e+01, -2.5876e+01],
         [-2.6358e+01,  1.2907e+01,  3.0522e+01, -2.6436e+01],
         [-2.5772e+01,  2.4440e+01,  2.3480e+01, -2.6115e+01],
         [ 2.1723e+01, -2.5617e+01, -2.6264e+01,  2.3564e+01],
         [-2.5284e+01,  9.2800e+00, -9.0000e-01,  1.0890e+01],
         [ 3.0963e+00, -2.4509e+01, -2.5322e+01,  1.0383e+01],
         [-2.5739e+01,  8.4290e+00, -2.6070e+01,  1.3265e+01],
         [-2.5011e+01,  7.3254e+00, -2.5485e+01,  9.1742e+00],
         [ 9.0375e+00, -2.4428e+01,  9.2019e+00, -2.6314e+01],
         [-2.6356e+01, -2.5954e+01,  3.1700e+01,  2.9238e+01],
         [-2.5787e+01, -2.5920e+01,  7.3851e+00,  8.5778e+00],
         [-9.0000e-01,  3.3537e+00, -8.1000e-01,  9.7749e+00],
         [ 4.0996e-01, -2.5666e+01, -9.0081e-01,  2.6255e+00],
         [ 1.5410e+00, -2.5879e+01, -2.5607e+01,  3.4667e+00],
         [ 4.4234e+00, -9.0000e+00, -2.6588e+01,  2.3480e+00]],

        [[-9.0000e+00, -2.6122e+01,  9.0000e-01,  1.1466e+01],
         [-9.0000e-01, -2.5903e+01,  1.2827e+01,  1.7808e+01],
         [-9.0000e-01,  2.2815e+01,  1.4540e+01,  0.0000e+00],
         [ 1.2913e+01,  2.3431e+01, -2.5590e+01, -9.0000e-01],
         [ 1.3385e+01,  2.3518e+01, -2.6137e+01, -2.5473e+01],
         [-2.5752e+01,  2.4680e+01, -2.6130e+01,  2.3409e+01],
         [ 2.6290e+01,  2.3164e+01, -2.6520e+01, -2.6377e+01],
         [-1.7100e-01,  2.5475e+01,  2.3458e+01, -9.5813e-01],
         [-2.6401e+01,  1.1115e+01,  2.4725e+01, -2.6132e+01],
         [-2.5859e+01,  1.0375e+01, -9.0000e+00,  7.2751e+00],
         [ 8.7575e+00, -2.6067e+01, -2.5234e+01,  1.1709e+01],
         [ 1.4820e+01, -2.5503e+01,  1.1249e+01, -2.6348e+01],
         [-2.6372e+01,  8.8667e+00,  9.0400e+00, -2.6587e+01],
         [ 7.3346e+00, -2.6002e+01, -2.3341e+01,  1.4714e+01],
         [-2.5583e+01, -2.6408e+01,  3.2722e+01,  2.5765e+01],
         [-2.6145e+01,  1.1246e+01,  6.9047e+00, -2.5529e+01],
         [-2.6884e+01,  2.6415e+00, -6.0257e-01,  1.6039e+01],
         [-9.0000e+00,  2.1396e+00, -2.6408e+01,  1.9238e+00],
         [-9.0000e+00,  3.1094e+00, -2.6298e+01,  3.4159e+00],
         [ 4.0414e+00, -1.0000e+01, -2.6523e+01, -2.6523e+01]],

        [[ 0.0000e+00,  1.2404e+01,  0.0000e+00,  0.0000e+00],
         [ 0.0000e+00,  2.0896e+01,  0.0000e+00,  0.0000e+00],
         [ 2.2106e+01,  1.4498e+01, -2.5984e+01, -2.5868e+01],
         [-8.1000e-01,  3.2623e+01, -2.6265e+01,  3.1511e+01],
         [ 2.7851e+01, -9.0000e+00,  3.8356e+01, -9.0000e-01],
         [-1.0157e-01, -2.5691e+01,  2.2939e+01,  2.0507e+01],
         [-6.2534e-01,  3.5068e+01, -2.6086e+01,  2.1831e+01],
         [-2.3466e+01,  6.8873e+00,  2.9891e+01, -2.3139e+01],
         [-2.6171e+01,  8.1588e+00, -2.6013e+01,  6.7795e+00],
         [-2.6583e+01, -2.5117e+01,  9.1916e+00,  7.8943e+00],
         [-2.4547e+01,  1.3319e+01,  1.3919e+01, -2.6236e+01],
         [ 1.5782e+01, -2.5036e+01,  0.0000e+00,  1.4283e+01],
         [ 6.7999e+00,  1.4881e+01, -8.1000e-02, -2.6070e+01],
         [-2.6552e+01, -2.5901e+01,  1.3793e+01,  1.2384e+01],
         [-2.6421e+01, -2.5948e+01,  2.9114e+01,  1.1354e+01],
         [ 2.0429e+01, -1.6086e+00,  1.5563e+01, -2.4787e+01],
         [-2.5071e+01,  1.9240e+00, -2.6292e+01,  9.8410e+00],
         [-2.5983e+01,  3.2487e+00,  2.4201e+00, -2.5798e+01],
         [-3.5567e+00,  4.7207e+00,  3.4378e+00, -2.6523e+01],
         [ 6.3563e+00, -1.0000e+01, -2.6452e+01, -2.6533e+01]],

        [[ 0.0000e+00,  0.0000e+00,  1.7190e+00,  0.0000e+00],
         [-1.7100e-01,  1.6326e+01,  1.1073e+01,  0.0000e+00],
         [ 1.3694e+01, -9.0000e+00,  8.1410e+00, -9.0000e-01],
         [-2.5868e+01,  2.7451e+01, -9.0000e-01,  1.5087e+01],
         [ 6.7025e+00,  2.2909e+01, -9.0000e+00, -2.6067e+01],
         [-2.4471e-01, -9.0000e-01,  2.3126e+01,  5.8738e+00],
         [-9.0810e-01, -9.0000e+00,  1.9298e+01,  7.1946e+00],
         [-2.4297e+01,  9.5189e+00,  4.2555e+01, -2.5273e+01],
         [-2.6207e+01,  7.7768e+00, -2.6173e+01,  8.3847e+00],
         [ 6.8998e+00, -2.5526e+01, -2.5734e+01,  6.6031e+00],
         [-2.5657e+01,  1.6323e+01, -2.6202e+01,  9.4005e+00],
         [ 1.5690e+01, -2.6617e+01,  1.6779e+01, -2.6279e+01],
         [ 1.9365e+01,  9.3233e+00, -2.6065e+01, -2.4778e+01],
         [-2.5855e+01, -2.5896e+01,  1.1849e+01,  9.9093e+00],
         [ 1.1531e+01, -2.4794e+01,  1.3504e+01, -2.5799e+01],
         [-9.0000e+00,  1.0486e+01, -2.4092e+01,  1.1845e+01],
         [-2.4593e+01,  3.2156e+00, -2.6839e+01,  1.0098e+01],
         [ 2.0217e+00, -2.6091e+01, -2.6541e+01,  3.7754e+00],
         [-2.6602e+01, -2.6745e+01,  5.0672e+00,  8.8938e+00],
         [ 7.4124e+00, -8.9332e+00, -2.6546e+01,  4.0740e+00]],

        [[ 0.0000e+00,  0.0000e+00,  9.0000e-01,  0.0000e+00],
         [-9.0000e-01, -9.0000e+00,  1.7190e+00,  0.0000e+00],
         [-9.0000e-01,  1.3176e+01,  0.0000e+00,  0.0000e+00],
         [-9.0000e-01,  7.7321e+00,  2.7525e+01, -9.0000e-01],
         [-9.0000e-01,  7.4288e+00, -9.0000e-01,  1.1247e+01],
         [ 7.3855e+00, -2.4458e+01, -2.5786e+01,  5.9745e+00],
         [ 3.6970e+01,  8.1540e+00, -9.0000e-01, -2.6220e+01],
         [-2.4795e+01,  7.5892e+00, -2.3034e+01,  9.0236e+00],
         [ 7.4520e+00, -2.6195e+01,  1.0185e+01, -2.5743e+01],
         [-2.5915e+01, -2.6150e+01,  1.0445e+01,  5.9160e+00],
         [ 1.0261e+01, -2.5494e+01,  7.0310e+00, -2.5221e+01],
         [ 7.8013e+00, -2.6522e+01,  5.5244e+00, -2.6434e+01],
         [ 5.3721e+00, -2.5312e+01,  1.8658e+01, -2.6045e+01],
         [ 1.0007e+01,  1.1898e+01, -2.6164e+01, -2.6529e+01],
         [ 1.4332e+01,  1.3219e+01, -2.6233e+01, -2.5472e+01],
         [ 1.5799e+01, -2.5561e+01,  1.1461e+01, -2.6412e+01],
         [-2.5546e+01,  3.7093e+00, -2.5815e+01,  1.2517e+01],
         [ 2.9262e+00, -2.6434e+01, -2.6668e+01,  5.7555e+00],
         [-2.6652e+01, -2.6765e+01,  8.8226e+00,  7.3544e+00],
         [-2.6471e+01, -1.0000e+01,  5.9046e+00, -2.6881e+01]],

        [[ 0.0000e+00,  0.0000e+00,  0.0000e+00,  0.0000e+00],
         [ 0.0000e+00,  0.0000e+00,  1.7280e+00,  0.0000e+00],
         [ 0.0000e+00,  0.0000e+00,  0.0000e+00,  9.0000e-01],
         [-9.0000e-01,  1.1084e+01,  1.7737e+01, -9.0000e-01],
         [-8.1000e-01, -2.6182e+01,  5.7386e+00,  1.2931e+01],
         [-8.4128e-01,  1.3694e+01,  5.5948e+00, -3.5525e+00],
         [-1.7518e+00,  5.4308e+00, -2.6159e+01,  8.8769e+00],
         [ 9.2901e+00, -2.6309e+01,  1.0937e+01, -2.4382e+01],
         [ 9.2654e+00, -2.6020e+01,  1.1738e+01, -2.4535e+01],
         [-2.6373e+01, -2.5739e+01,  5.5495e+00,  7.9151e+00],
         [-2.2755e-01,  1.2448e+01,  8.3771e+00, -9.0000e-01],
         [-2.5862e+01,  1.1985e+01, -2.5713e+01,  9.2632e+00],
         [-2.5472e+01,  1.0682e+01, -2.6123e+01,  9.2166e+00],
         [-2.6315e+01, -2.6039e+01,  1.2825e+01,  1.1474e+01],
         [ 1.3036e+01, -2.6666e+01,  1.5302e+01, -2.6340e+01],
         [ 1.2856e+01,  1.3841e+01, -2.6192e+01, -2.6035e+01],
         [-2.6451e+01,  5.2799e+00, -2.6722e+01,  1.6174e+01],
         [-2.6227e+01,  5.3574e+00, -2.6505e+01,  4.7994e+00],
         [ 6.4662e+00, -9.0990e+00,  7.5577e+00, -2.6381e+01],
         [ 6.7723e+00, -2.8000e+01, -2.6490e+01,  5.8399e+00]],

        [[ 0.0000e+00,  0.0000e+00,  0.0000e+00,  0.0000e+00],
         [ 0.0000e+00,  0.0000e+00,  1.8738e+00,  0.0000e+00],
         [ 0.0000e+00,  0.0000e+00,  0.0000e+00,  1.7190e+00],
         [-1.7100e-01,  9.3224e+00,  7.6270e+00, -9.0000e-01],
         [-9.0000e-01,  1.0342e+01,  7.5723e+00,  0.0000e+00],
         [-2.6465e+01,  9.4459e+00, -2.5029e+01,  9.9531e+00],
         [-2.6578e+01, -2.6708e+01,  8.5057e+00,  9.2749e+00],
         [-2.5719e+01,  7.8447e+00, -2.5607e+01,  1.0443e+01],
         [ 8.2177e+00,  1.5835e+01, -2.6560e+01, -2.5024e+01],
         [-2.5490e+01, -2.5916e+01,  6.7528e+00,  1.0741e+01],
         [ 1.0353e+01,  8.6294e+00, -9.0000e-01, -2.6524e+01],
         [ 8.4474e+00, -2.6285e+01, -2.5879e+01,  1.0434e+01],
         [ 9.0567e+00,  1.1793e+01, -2.6290e+01, -2.6254e+01],
         [-2.6021e+01,  1.2477e+01, -2.5955e+01,  1.1690e+01],
         [ 1.2807e+01, -2.5682e+01, -2.4637e+01,  1.5445e+01],
         [-2.6268e+01,  1.3479e+01,  1.0133e+01, -2.6173e+01],
         [-9.0000e+00,  1.1292e+01, -2.6407e+01,  1.9489e+01],
         [-2.6213e+01, -2.6393e+01,  6.0665e+00, -8.3565e+00],
         [-9.0000e+00, -2.6717e+01,  7.8656e+00,  7.5758e+00],
         [-9.0000e+00, -9.0000e+00,  7.0040e+00,  4.0347e+00]],

        [[ 0.0000e+00,  0.0000e+00,  0.0000e+00,  0.0000e+00],
         [ 0.0000e+00,  0.0000e+00,  2.4643e+00,  0.0000e+00],
         [-9.0000e-01,  3.7440e+01,  0.0000e+00,  0.0000e+00],
         [-9.0000e-01,  1.0577e+01,  7.4985e+00,  0.0000e+00],
         [ 6.4286e+00,  0.0000e+00,  1.1287e+01,  0.0000e+00],
         [-2.6692e+01, -9.0000e+00,  1.2131e+01,  1.1729e+01],
         [-9.0000e-01, -2.6015e+01,  1.1007e+01,  1.0275e+01],
         [-2.6503e+01,  1.2727e+01,  9.6475e+00, -2.5931e+01],
         [ 9.7073e+00, -2.5818e+01, -2.6381e+01,  1.3596e+01],
         [-2.6519e+01,  1.0085e+01, -2.6366e+01,  1.2371e+01],
         [-2.6217e+01,  8.2181e+00, -2.6732e+01,  1.0779e+01],
         [ 1.0916e+01,  1.3009e+01, -2.4144e+01, -2.6578e+01],
         [ 1.2811e+01, -2.6304e+01, -2.5938e+01,  1.5905e+01],
         [-2.6104e+01, -2.3694e+01,  1.2199e+01,  1.5887e+01],
         [-2.5947e+01,  1.6113e+01, -2.5617e+01,  1.5815e+01],
         [-2.5587e+01,  1.5055e+01, -2.6288e+01,  2.0848e+01],
         [ 1.9471e+01, -2.6601e+01,  1.4292e+01, -2.5934e+01],
         [-2.6165e+01, -1.6119e+00,  5.1511e+00,  5.0442e+00],
         [ 9.1170e+00, -2.6164e+01, -9.0000e+00, -9.0000e-01],
         [-9.0000e+00, -9.0000e+00,  7.5073e+00,  1.2173e+01]],

        [[ 0.0000e+00,  0.0000e+00,  0.0000e+00,  0.0000e+00],
         [ 0.0000e+00,  0.0000e+00,  2.4553e+00,  0.0000e+00],
         [ 4.1949e-01,  0.0000e+00,  0.0000e+00, -9.0000e-01],
         [-9.0000e-01,  1.2281e+01,  6.4613e+00,  0.0000e+00],
         [-9.0000e+00,  1.3460e+01,  1.1382e+01, -9.0000e-01],
         [-9.0000e-01,  1.2174e+01,  1.4139e+01,  0.0000e+00],
         [-2.6002e+01,  1.1748e+01,  1.1157e+01, -2.6095e+01],
         [-2.3587e+01,  1.2473e+01, -2.6149e+01,  1.5633e+01],
         [ 1.4648e+01,  1.4520e+01, -2.6257e+01, -2.6284e+01],
         [ 1.2912e+01, -2.6247e+01, -2.6308e+01,  1.3880e+01],
         [ 1.3794e+01, -2.6446e+01, -2.6056e+01,  1.0372e+01],
         [-2.6445e+01,  1.7094e+01,  1.1583e+01, -2.6601e+01],
         [-2.4944e+01,  1.7935e+01,  1.2869e+01, -2.6191e+01],
         [-2.6393e+01,  2.0547e+01,  1.1248e+01, -2.6266e+01],
         [-2.6379e+01,  2.0786e+01, -2.6607e+01,  1.5339e+01],
         [-2.6120e+01,  2.1806e+01, -2.5889e+01,  1.2813e+01],
         [ 2.1614e+01,  2.5333e+01, -2.5512e+01, -2.6381e+01],
         [ 2.9259e+01, -2.5688e+01,  6.2548e+00, -2.4347e+01],
         [ 1.5692e+01,  1.2566e+01,  0.0000e+00,  0.0000e+00],
         [ 1.5074e+01, -9.0000e+00,  1.1955e+01, -9.0000e-01]],

        [[ 0.0000e+00,  0.0000e+00,  0.0000e+00,  0.0000e+00],
         [ 0.0000e+00,  0.0000e+00,  9.0000e-01,  0.0000e+00],
         [-9.0000e-01, -9.0000e+00,  9.0000e-01,  0.0000e+00],
         [-9.9000e-01, -9.0000e+00,  1.3348e+01,  1.2352e+01],
         [-9.0000e+00, -9.0000e+00,  1.3325e+01,  1.3742e+01],
         [-9.0000e-01, -8.1000e-02,  1.5700e+01,  1.6933e+01],
         [ 1.2742e+01, -2.6290e+01,  1.3085e+01, -9.0000e-01],
         [-2.4117e+01,  0.0000e+00,  1.6232e+01,  1.7779e+01],
         [ 1.4721e+01, -9.0000e-01,  1.4668e+01, -9.0000e-01],
         [-9.0000e+00, -9.0000e+00,  1.3074e+01,  1.7344e+01],
         [-2.6529e+01,  1.0473e+01, -2.4576e+01,  1.3232e+01],
         [ 1.0980e+01, -2.6182e+01, -2.6058e+01,  8.7132e+00],
         [-2.5467e+01,  1.5867e+01, -9.6958e-01,  1.0017e+01],
         [-2.6359e+01,  1.6406e+01, -2.6426e+01,  1.0681e+01],
         [-2.6480e+01, -2.4689e+01,  2.0653e+01,  1.8730e+01],
         [-2.5144e+01,  1.6360e+01,  0.0000e+00,  9.8568e+00],
         [ 1.1142e+01, -2.4347e+01, -2.2018e+01,  1.7648e+01],
         [ 2.2420e+01,  0.0000e+00,  3.0590e+01, -2.5898e+01],
         [ 0.0000e+00,  0.0000e+00,  0.0000e+00,  0.0000e+00],
         [ 0.0000e+00,  0.0000e+00,  0.0000e+00, -9.0000e-01]],

        [[ 0.0000e+00,  0.0000e+00,  0.0000e+00,  0.0000e+00],
         [ 0.0000e+00,  0.0000e+00,  0.0000e+00,  0.0000e+00],
         [ 0.0000e+00,  0.0000e+00,  0.0000e+00, -9.0000e-01],
         [-9.0000e-01,  1.4713e+01,  9.0000e-01, -1.7100e-01],
         [-9.0000e-01,  1.8232e+01, -9.0000e+00, -9.0000e-01],
         [-9.0000e-01,  1.9852e+01,  1.3034e+01,  0.0000e+00],
         [-9.0000e+00,  1.9385e+01,  0.0000e+00, -9.0000e-01],
         [-9.0000e+00,  1.9469e+01,  1.8019e+01, -9.0000e-01],
         [-2.5056e+01,  4.9152e+00, -9.0000e+00,  2.3756e+01],
         [ 2.1403e+01, -2.6089e+01, -2.6287e+01,  3.9767e+00],
         [-2.6748e+01,  4.8889e+00, -2.5994e+01,  1.3921e+01],
         [ 1.0248e+01,  6.0703e+00, -2.6170e+01, -9.0000e-01],
         [ 1.0987e+01,  4.7607e+00, -2.6432e+01, -2.6893e+01],
         [ 9.2787e+00, -2.4861e+01, -2.5758e+01,  4.9374e+00],
         [-2.5540e+01,  1.3251e+01,  1.8110e+01, -2.4288e+01],
         [-2.6239e+01,  3.0230e+00, -2.6286e+01,  1.5637e+01],
         [-2.6357e+01, -2.6129e+01,  1.8520e+01,  1.6881e+01],
         [ 1.0784e+01,  0.0000e+00,  7.4571e+00, -2.6363e+01],
         [ 0.0000e+00,  0.0000e+00,  0.0000e+00,  0.0000e+00],
         [ 0.0000e+00,  0.0000e+00,  0.0000e+00, -9.0000e-01]],

        [[-9.0000e+00,  0.0000e+00,  0.0000e+00,  0.0000e+00],
         [-9.0000e-01,  0.0000e+00,  0.0000e+00,  0.0000e+00],
         [-9.0000e-01, -9.0000e+00,  0.0000e+00,  0.0000e+00],
         [-9.0000e-01,  0.0000e+00,  9.0000e-01,  0.0000e+00],
         [-9.0000e-01,  9.0000e-01,  0.0000e+00,  0.0000e+00],
         [-9.0000e+00,  0.0000e+00,  0.0000e+00, -9.0000e-01],
         [-9.0000e-01, -9.0000e-01,  1.5553e+01,  0.0000e+00],
         [-9.0000e-01, -9.0000e-01, -2.6419e+01,  2.9813e+01],
         [ 2.7813e+01,  0.0000e+00, -2.6760e+01, -9.2493e-01],
         [-2.6693e+01,  5.1561e+00,  2.0115e+01, -8.7970e-01],
         [ 1.7016e+01, -2.6609e+01,  5.4702e+00, -9.0000e-01],
         [ 9.0000e-01, -9.0000e-01,  1.2112e+01,  0.0000e+00],
         [-9.0000e+00,  3.3736e+00, -2.5462e+01,  4.9061e+00],
         [ 2.6528e+00, -9.0000e+00,  8.0587e+00, -9.0000e-01],
         [ 7.4694e+00, -9.0000e+00,  1.9194e+01, -2.5371e+01],
         [ 1.5400e+01, -2.6547e+01,  7.9169e+00, -2.5641e+01],
         [-2.6392e+01, -2.6444e+01,  1.7668e+01,  1.4211e+01],
         [ 7.2841e+00, -9.0000e-01, -2.5874e+01,  5.1878e+00],
         [ 6.8754e+00,  0.0000e+00,  0.0000e+00, -9.0000e-01],
         [ 9.0000e-01,  0.0000e+00,  0.0000e+00,  0.0000e+00]],

        [[ 0.0000e+00,  0.0000e+00,  0.0000e+00,  0.0000e+00],
         [ 0.0000e+00,  0.0000e+00,  0.0000e+00,  0.0000e+00],
         [ 0.0000e+00,  0.0000e+00,  0.0000e+00,  0.0000e+00],
         [ 0.0000e+00,  0.0000e+00,  0.0000e+00,  0.0000e+00],
         [ 0.0000e+00,  0.0000e+00,  9.0000e-01,  0.0000e+00],
         [-9.0000e-01, -9.0000e+00,  0.0000e+00,  0.0000e+00],
         [-9.0000e-01, -9.0000e+00,  1.4896e+01,  0.0000e+00],
         [-2.5812e+01, -2.6852e+01,  3.4236e+01, -1.0000e+01],
         [ 9.8779e-01, -8.1000e-02,  2.7598e+00, -9.0000e+00],
         [-1.7100e-01, -8.1000e-01,  0.0000e+00, -9.0000e+00],
         [-9.0000e+00, -1.7100e-01,  5.5504e+00,  0.0000e+00],
         [ 0.0000e+00,  0.0000e+00,  1.3223e+01,  0.0000e+00],
         [-2.5749e+01,  4.7313e+00,  0.0000e+00, -8.0969e+00],
         [ 9.0000e-01, -9.0000e-01,  1.0874e+01, -9.0000e+00],
         [ 9.0502e+00,  0.0000e+00,  9.0000e-01,  0.0000e+00],
         [ 6.1017e+00,  1.6211e+01, -2.6057e+01,  0.0000e+00],
         [ 1.3610e+01, -2.6481e+01,  1.6901e+01, -2.6463e+01],
         [ 6.4001e+00, -2.6453e+01,  6.8754e+00, -9.7976e+00],
         [-9.0000e+00, -9.0000e-01,  7.1878e+00,  0.0000e+00],
         [ 0.0000e+00,  0.0000e+00,  0.0000e+00, -9.0000e+00]]])